3 2 5 3

sigmoid
0.3035970210042204 -0.025849578590776124 0.370251480066583
-0.2273210749189532 0.09408926553147356 0.23505228721319457
0.4634526682170766 0.4803180034595487 0.3603774254510271
0.09643203112682387 -0.1426111629849807 -0.19609959748801484
-0.13634508092101963 -0.08422722089653027 0.3074516618894983

sigmoid
-0.04531968988429913 0.08785643589456706
0.04166565018513202 -0.27973715246867487
0.19438008633899348 0.3444864693070128
0.16787815663751185 0.4668939364926023

sigmoid
-0.41030747142415686 0.398147082334366 0.23131230005264622 -0.4295767861678631 -0.31923651412371074
0.2746932210309314 -0.23308608222403748 0.059498019147329995 0.0872185474844262 -0.11841712362928926
-0.13228888997651997 0.3923304666299146 0.4271856352948572 -0.4669988605547814 0.32198678678684617

softmax
0.024757143795538505 -0.1852315347922335 0.3286174041627881
0.4245697068504758 0.06047059074202422 0.0707369809923475
-0.3713574223778195 -0.1985534945268501 -0.46056907311749834
-0.0032269374008161433 -0.15826890828870524 -0.02353726105133056
0.079127875166372 0.04718684752789092 -0.44658314013535977
-0.15026350234030247 -0.2523299314532749 -0.17879991959183425